"subject" "laying" "sitting" "standing" "walking" "walking downstairs" "walking upstairs"
"1" "1" -0.607522391836014 -0.633405230612481 -0.647424789141436 -0.319105810200331 -0.297226292824001 -0.40699661814598
"2" "2" -0.639973837827844 -0.640597914078914 -0.636454993012462 -0.385708093716054 -0.259677293061387 -0.363983305102955
"3" "3" -0.641445804875381 -0.622780836987975 -0.626824657789309 -0.386865862874514 -0.350536138554404 -0.424274671811149
"4" "4" -0.630875080725603 -0.627074988752137 -0.618583772157932 -0.43055661483918 -0.363790441016887 -0.415260374462441
"5" "5" -0.631793505517319 -0.627014833570021 -0.618821537531601 -0.378535121986988 -0.296901580091929 -0.356353464901252
"6" "6" -0.619421431071453 -0.625412957710496 -0.629253160586122 -0.337513362522582 -0.198922424840441 -0.330642340129316
"7" "7" -0.628303269447471 -0.628833138374792 -0.63369010626409 -0.306764482858546 -0.317129508211319 -0.427408293255387
"8" "8" -0.627089533537997 -0.637726458982249 -0.639463722621354 -0.299755499867352 -0.19351985419359 -0.293377815632218
"9" "9" -0.628414047268328 -0.627530823653232 -0.633713631013694 -0.37164660578822 -0.313140747277053 -0.427075431896002
"10" "10" -0.633606314208568 -0.640078551091241 -0.630886542166037 -0.327086776127028 -0.263162073365728 -0.345652600356602
"11" "11" -0.643553031373099 -0.636081608692102 -0.648374467923916 -0.431366510871248 -0.348717448293558 -0.43527506672087
"12" "12" -0.63012919397725 -0.636301750626951 -0.627684013763497 -0.355560155447154 -0.311490436338625 -0.42179157558609
"13" "13" -0.624337936876007 -0.638179130162868 -0.639297749080434 -0.316988827925179 -0.317234723087439 -0.411582073864772
"14" "14" -0.628355645282404 -0.639930771868791 -0.633771114374627 -0.385501824502105 -0.203378373864087 -0.285486358859423
"15" "15" -0.639883147448173 -0.641496217339585 -0.640037091389994 -0.390526282476396 -0.280227328116279 -0.393720911542089
"16" "16" -0.635906117499551 -0.642254023210701 -0.646538416475197 -0.431362808379042 -0.339080301791712 -0.440146451770759
"17" "17" -0.629876420657766 -0.643707360983648 -0.644675070329398 -0.387039462708526 -0.365194496888334 -0.401431355861112
"18" "18" -0.645039855011435 -0.650240242162375 -0.645518459042212 -0.436306077297177 -0.438663811185222 -0.470681472754459
"19" "19" -0.632999218754884 -0.638986666530727 -0.640136697217531 -0.238252786596887 -0.078306398113335 -0.316821118319495
"20" "20" -0.644397438696908 -0.639872725383092 -0.620027732157146 -0.259518117088663 -0.247169665420288 -0.338291941451443
"21" "21" -0.63110876443376 -0.644724493205524 -0.638450214241584 -0.330648706245588 -0.291301975673511 -0.381967006088137
"22" "22" -0.632109081483277 -0.634015600138589 -0.635992094486953 -0.274200987116311 -0.287664837258693 -0.305185521541175
"23" "23" -0.628089473591726 -0.632843540612456 -0.637024168810267 -0.265296718829829 -0.20246554081645 -0.369581312588007
"24" "24" -0.634203387560794 -0.646619496620551 -0.634194893841734 -0.416975175176002 -0.359085991984149 -0.43583828688532
"25" "25" -0.589506698496036 -0.645307467575153 -0.645297950751058 -0.460842122215599 -0.429924410531157 -0.48551223324769
"26" "26" -0.640679888089531 -0.642718508921569 -0.644004547265191 -0.392008755561813 -0.322473123490661 -0.41167278243368
"27" "27" -0.645993647892745 -0.647329814034974 -0.644356212162637 -0.377771272094104 -0.312446129792811 -0.426267052017458
"28" "28" -0.640518710327799 -0.637322526513564 -0.627883524309929 -0.393787255237739 -0.291650876955502 -0.401092965937606
"29" "29" -0.646324698842316 -0.644100724926612 -0.650245278868483 -0.352894943404783 -0.31726279115201 -0.364429747315138
"30" "30" -0.642625296795821 -0.646017901904583 -0.630635453342216 -0.373607524126774 -0.358790607945901 -0.439370730188029
